{"seeds":{"ecoli_16s":{"name":"E. coli 16S rRNA region","sequence":"TTAGTTGTACCGCAGCGAAGTAGTGCTTGAAATATGCGACCCCTAAGTAGGAGCGTATGCGCCCAGTAACCAATGCCTGTTGAGATGCCAGACGCGTAACCAAAACATAGAAACCATCAATAGACAGGTCATAATCGGTCCACCGGATCATTGGTGCATAGAGCCTGGGCGTTAACGCCCTTTATTACTAGCTTAATGGT","length":200},"promoter":{"name":"\u03c370 promoter region","sequence":"ATCACATTGACAAACACGGCATTAAGTAGCGACGAAACGGGATTTGCCTGTATAATGAGAAGCCGGTCGATCAGCTTGACAAATTGGATATTAGGCCTAAACCATAATGTTCTAGCGCTCGAAATCATTGCACCACTTGCATCTTTGTTCCAGGGACGCTGTAAAACCAGATGCCTGTAAATCGTTTCAACGGGATGGTT","length":200},"brca1_exon":{"name":"BRCA1 exon fragment","sequence":"TACCCGGAATTCTACGTATTTAATCAACGAATGTAATGAGCTGACATTGCTGAAATGACCATGACTTAATAATCATTTATGGAGAAGAGGCACGACCACAAGGACCCTATGGCACGGTGGGCAAGCTCCCGCCCGGTACATAACTGTCTGGACTGATTATGTCGGTACAGTAATCTTCCTGCGTATCGATTACGAGCTTA","length":200},"random":{"name":"Random control","sequence":"TCTGAAGAAGTTTAGGGCAAAGGGACCATGGCCATTGGTGCCAATTTCGGTTCTTGTATGCTACAGTTAAATAGAAAGGCCGCATTGTCGTTCTCGCCCTGTTTTCCTCATACACGACCGAGGTTATTTGTCGGAAACGAGACATCTCTCGAAGGTGGAACGACGCCGGGTGTGCAGAATTTATTTTAAACACTCTATTA","length":200}},"features_available":[{"id":0,"label":"alpha_helix"},{"id":1,"label":"beta_sheet"},{"id":4,"label":"TATA_box"},{"id":7,"label":"exon_start"},{"id":12,"label":"kanamycin_resistance"},{"id":18,"label":"rRNA_structural"},{"id":21,"label":"tRNA_structural"},{"id":19,"label":"beta_sheet"}],"clamp_points":[-2,0,2,5],"comparisons":{"ecoli_16s__kanamycin_resistance":{"feature_label":"kanamycin_resistance","baseline_distributions":[{"A":0.0664,"C":0.0658,"G":0.067,"T":0.8008},{"A":0.0936,"C":0.0703,"G":0.1622,"T":0.6739},{"A":0.715,"C":0.1101,"G":0.0946,"T":0.0803},{"A":0.1526,"C":0.1763,"G":0.5312,"T":0.1399},{"A":0.0722,"C":0.0398,"G":0.056,"T":0.832},{"A":0.0619,"C":0.0742,"G":0.1068,"T":0.7571},{"A":0.2104,"C":0.1126,"G":0.5291,"T":0.1479},{"A":0.0793,"C":0.1128,"G":0.0872,"T":0.7207},{"A":0.5943,"C":0.115,"G":0.13,"T":0.1606},{"A":0.0934,"C":0.6813,"G":0.0854,"T":0.14},{"A":0.0631,"C":0.7231,"G":0.0674,"T":0.1464},{"A":0.0965,"C":0.099,"G":0.7115,"T":0.0931},{"A":0.1166,"C":0.7691,"G":0.0496,"T":0.0648},{"A":0.658,"C":0.0876,"G":0.1401,"T":0.1143},{"A":0.0825,"C":0.1391,"G":0.7207,"T":0.0577},{"A":0.0534,"C":0.7785,"G":0.0721,"T":0.0961},{"A":0.128,"C":0.1456,"G":0.6115,"T":0.1149},{"A":0.5525,"C":0.2674,"G":0.0846,"T":0.0956},{"A":0.6786,"C":0.1342,"G":0.1114,"T":0.0758},{"A":0.0588,"C":0.2416,"G":0.5934,"T":0.1062},{"A":0.2101,"C":0.1349,"G":0.1116,"T":0.5435},{"A":0.7928,"C":0.0668,"G":0.0552,"T":0.0852},{"A":0.0962,"C":0.0691,"G":0.7533,"T":0.0814},{"A":0.1802,"C":0.1261,"G":0.1163,"T":0.5773},{"A":0.1429,"C":0.0956,"G":0.6649,"T":0.0966},{"A":0.0679,"C":0.757,"G":0.1216,"T":0.0535},{"A":0.1438,"C":0.1644,"G":0.2519,"T":0.4399},{"A":0.1489,"C":0.1684,"G":0.1725,"T":0.5102},{"A":0.0685,"C":0.1056,"G":0.6433,"T":0.1826},{"A":0.6743,"C":0.1449,"G":0.0983,"T":0.0826},{"A":0.7327,"C":0.0926,"G":0.0671,"T":0.1076},{"A":0.6579,"C":0.1476,"G":0.0938,"T":0.1006},{"A":0.0612,"C":0.0501,"G":0.0455,"T":0.8432},{"A":0.6877,"C":0.1211,"G":0.0995,"T":0.0918},{"A":0.1031,"C":0.0618,"G":0.0429,"T":0.7921},{"A":0.1208,"C":0.1304,"G":0.6176,"T":0.1312},{"A":0.1279,"C":0.5828,"G":0.1554,"T":0.1338},{"A":0.0685,"C":0.1559,"G":0.6613,"T":0.1143},{"A":0.5792,"C":0.1152,"G":0.1028,"T":0.2028},{"A":0.0953,"C":0.5773,"G":0.2207,"T":0.1066},{"A":0.19,"C":0.6186,"G":0.1077,"T":0.0837},{"A":0.0545,"C":0.8219,"G":0.0669,"T":0.0566},{"A":0.0423,"C":0.8762,"G":0.0329,"T":0.0486},{"A":0.1723,"C":0.1163,"G":0.1136,"T":0.5978},{"A":0.7426,"C":0.0984,"G":0.0657,"T":0.0933},{"A":0.7538,"C":0.0731,"G":0.0971,"T":0.076},{"A":0.1699,"C":0.1575,"G":0.5611,"T":0.1115},{"A":0.0955,"C":0.0928,"G":0.0609,"T":0.7509},{"A":0.5975,"C":0.1865,"G":0.0769,"T":0.1392},{"A":0.1305,"C":0.1101,"G":0.5799,"T":0.1796},{"A":0.041,"C":0.0793,"G":0.8217,"T":0.058},{"A":0.7947,"C":0.0619,"G":0.0655,"T":0.078},{"A":0.1256,"C":0.0525,"G":0.7311,"T":0.0909},{"A":0.1378,"C":0.4723,"G":0.24,"T":0.1499},{"A":0.1849,"C":0.1323,"G":0.5919,"T":0.0909},{"A":0.105,"C":0.1037,"G":0.0753,"T":0.7159},{"A":0.736,"C":0.0861,"G":0.0898,"T":0.0881},{"A":0.1517,"C":0.0677,"G":0.122,"T":0.6586},{"A":0.1443,"C":0.0872,"G":0.6963,"T":0.0722},{"A":0.0584,"C":0.7732,"G":0.0889,"T":0.0795},{"A":0.1477,"C":0.0874,"G":0.688,"T":0.0769},{"A":0.0738,"C":0.7864,"G":0.0949,"T":0.0449},{"A":0.0985,"C":0.7221,"G":0.0835,"T":0.096},{"A":0.1023,"C":0.7538,"G":0.0717,"T":0.0722},{"A":0.7696,"C":0.0526,"G":0.1229,"T":0.0549},{"A":0.0491,"C":0.0384,"G":0.8724,"T":0.04},{"A":0.0891,"C":0.0655,"G":0.0844,"T":0.761},{"A":0.7181,"C":0.0875,"G":0.1182,"T":0.0762},{"A":0.6838,"C":0.0841,"G":0.1256,"T":0.1065},{"A":0.2138,"C":0.4733,"G":0.1181,"T":0.1948},{"A":0.0974,"C":0.7617,"G":0.0772,"T":0.0637},{"A":0.7001,"C":0.1449,"G":0.0715,"T":0.0836},{"A":0.7321,"C":0.0889,"G":0.0868,"T":0.0922},{"A":0.059,"C":0.065,"G":0.072,"T":0.804},{"A":0.0742,"C":0.1053,"G":0.7449,"T":0.0756},{"A":0.0918,"C":0.7768,"G":0.0542,"T":0.0772},{"A":0.1134,"C":0.6217,"G":0.1064,"T":0.1584},{"A":0.0635,"C":0.0771,"G":0.0355,"T":0.8239},{"A":0.1847,"C":0.1037,"G":0.5234,"T":0.1882},{"A":0.1062,"C":0.1557,"G":0.0779,"T":0.6603},{"A":0.061,"C":0.0798,"G":0.0392,"T":0.82},{"A":0.1467,"C":0.1541,"G":0.5667,"T":0.1324},{"A":0.74,"C":0.0697,"G":0.0994,"T":0.0909},{"A":0.2052,"C":0.1701,"G":0.4448,"T":0.1799},{"A":0.5635,"C":0.1369,"G":0.1292,"T":0.1704},{"A":0.0723,"C":0.1102,"G":0.1172,"T":0.7003},{"A":0.0853,"C":0.081,"G":0.703,"T":0.1307},{"A":0.0891,"C":0.7692,"G":0.087,"T":0.0548},{"A":0.0934,"C":0.7315,"G":0.0792,"T":0.0959},{"A":0.7023,"C":0.0955,"G":0.0741,"T":0.1281},{"A":0.1897,"C":0.0948,"G":0.5829,"T":0.1326},{"A":0.6498,"C":0.104,"G":0.1011,"T":0.1451},{"A":0.1024,"C":0.7111,"G":0.0795,"T":0.107},{"A":0.1635,"C":0.1678,"G":0.5774,"T":0.0914},{"A":0.0661,"C":0.7579,"G":0.0758,"T":0.1002},{"A":0.1302,"C":0.075,"G":0.741,"T":0.0537},{"A":0.0528,"C":0.0553,"G":0.0401,"T":0.8517},{"A":0.8099,"C":0.067,"G":0.0729,"T":0.0503},{"A":0.6712,"C":0.1267,"G":0.0963,"T":0.1059},{"A":0.1207,"C":0.532,"G":0.1634,"T":0.1839},{"A":0.1295,"C":0.5972,"G":0.1005,"T":0.1729},{"A":0.6777,"C":0.1009,"G":0.1043,"T":0.1172},{"A":0.7678,"C":0.0982,"G":0.0774,"T":0.0566},{"A":0.7477,"C":0.0712,"G":0.0915,"T":0.0895},{"A":0.8262,"C":0.0727,"G":0.0535,"T":0.0476},{"A":0.1819,"C":0.4473,"G":0.1818,"T":0.189},{"A":0.7982,"C":0.0889,"G":0.0533,"T":0.0596},{"A":0.164,"C":0.1343,"G":0.109,"T":0.5926},{"A":0.7661,"C":0.0446,"G":0.0951,"T":0.0942},{"A":0.1221,"C":0.0865,"G":0.5643,"T":0.2271},{"A":0.717,"C":0.0538,"G":0.1206,"T":0.1085},{"A":0.6126,"C":0.0998,"G":0.184,"T":0.1036},{"A":0.737,"C":0.1034,"G":0.0693,"T":0.0903},{"A":0.085,"C":0.7221,"G":0.1208,"T":0.072},{"A":0.1389,"C":0.6517,"G":0.1397,"T":0.0697},{"A":0.8118,"C":0.0539,"G":0.0555,"T":0.0789},{"A":0.0694,"C":0.1329,"G":0.079,"T":0.7187},{"A":0.1115,"C":0.7095,"G":0.0878,"T":0.0912},{"A":0.6572,"C":0.08,"G":0.1058,"T":0.157},{"A":0.8547,"C":0.0382,"G":0.0522,"T":0.0548},{"A":0.1191,"C":0.1009,"G":0.0477,"T":0.7322},{"A":0.6285,"C":0.1053,"G":0.1439,"T":0.1222},{"A":0.1111,"C":0.0958,"G":0.6901,"T":0.1031},{"A":0.515,"C":0.1708,"G":0.1088,"T":0.2054},{"A":0.0824,"C":0.7356,"G":0.087,"T":0.095},{"A":0.7397,"C":0.0651,"G":0.0847,"T":0.1105},{"A":0.1629,"C":0.1075,"G":0.5998,"T":0.1298},{"A":0.0871,"C":0.1022,"G":0.7232,"T":0.0876},{"A":0.1159,"C":0.0749,"G":0.0757,"T":0.7336},{"A":0.0582,"C":0.7708,"G":0.0791,"T":0.0919},{"A":0.7598,"C":0.0783,"G":0.0986,"T":0.0633},{"A":0.1172,"C":0.1382,"G":0.1204,"T":0.6242},{"A":0.7129,"C":0.085,"G":0.109,"T":0.0932},{"A":0.5908,"C":0.0917,"G":0.1347,"T":0.1827},{"A":0.0507,"C":0.1091,"G":0.1142,"T":0.726},{"A":0.0994,"C":0.5882,"G":0.1764,"T":0.136},{"A":0.1194,"C":0.113,"G":0.622,"T":0.1456},{"A":0.0585,"C":0.0972,"G":0.7383,"T":0.106},{"A":0.1186,"C":0.0952,"G":0.1005,"T":0.6857},{"A":0.0851,"C":0.6574,"G":0.1552,"T":0.1023},{"A":0.1171,"C":0.5432,"G":0.1831,"T":0.1567},{"A":0.5635,"C":0.2112,"G":0.1058,"T":0.1194},{"A":0.1065,"C":0.605,"G":0.1765,"T":0.112},{"A":0.12,"C":0.6682,"G":0.0875,"T":0.1243},{"A":0.1039,"C":0.0827,"G":0.7744,"T":0.039},{"A":0.1195,"C":0.0762,"G":0.7211,"T":0.0831},{"A":0.6232,"C":0.1288,"G":0.14,"T":0.108},{"A":0.0786,"C":0.0763,"G":0.125,"T":0.7201},{"A":0.1138,"C":0.5382,"G":0.1212,"T":0.2268},{"A":0.807,"C":0.0651,"G":0.0572,"T":0.0707},{"A":0.0385,"C":0.1117,"G":0.0407,"T":0.8091},{"A":0.0856,"C":0.0769,"G":0.0892,"T":0.7483},{"A":0.0983,"C":0.0635,"G":0.7594,"T":0.0789},{"A":0.093,"C":0.0604,"G":0.7863,"T":0.0602},{"A":0.0617,"C":0.0637,"G":0.0901,"T":0.7845},{"A":0.1913,"C":0.1471,"G":0.5879,"T":0.0737},{"A":0.1662,"C":0.6057,"G":0.1297,"T":0.0984},{"A":0.7729,"C":0.0372,"G":0.0779,"T":0.1121},{"A":0.1786,"C":0.1101,"G":0.2014,"T":0.5099},{"A":0.7861,"C":0.0529,"G":0.0991,"T":0.0619},{"A":0.1686,"C":0.2274,"G":0.5041,"T":0.0999},{"A":0.7321,"C":0.1026,"G":0.0613,"T":0.104},{"A":0.0604,"C":0.0838,"G":0.7361,"T":0.1197},{"A":0.0555,"C":0.7995,"G":0.0848,"T":0.0602},{"A":0.0966,"C":0.7849,"G":0.0649,"T":0.0537},{"A":0.0696,"C":0.0758,"G":0.0506,"T":0.8039},{"A":0.13,"C":0.0823,"G":0.6894,"T":0.0982},{"A":0.0393,"C":0.0719,"G":0.8136,"T":0.0752},{"A":0.0759,"C":0.1432,"G":0.7206,"T":0.0603},{"A":0.1075,"C":0.681,"G":0.0735,"T":0.138},{"A":0.0536,"C":0.0478,"G":0.8382,"T":0.0604},{"A":0.1321,"C":0.0797,"G":0.0709,"T":0.7172},{"A":0.2323,"C":0.1467,"G":0.1481,"T":0.4729},{"A":0.7451,"C":0.0716,"G":0.0808,"T":0.1025},{"A":0.6882,"C":0.0845,"G":0.1109,"T":0.1164},{"A":0.0942,"C":0.6765,"G":0.1278,"T":0.1016},{"A":0.0447,"C":0.0566,"G":0.8523,"T":0.0464},{"A":0.0955,"C":0.7108,"G":0.0797,"T":0.1139},{"A":0.1034,"C":0.544,"G":0.1266,"T":0.2261},{"A":0.0581,"C":0.7531,"G":0.0777,"T":0.1111},{"A":0.1371,"C":0.1055,"G":0.165,"T":0.5924},{"A":0.0661,"C":0.0835,"G":0.1001,"T":0.7503},{"A":0.032,"C":0.0622,"G":0.0543,"T":0.8515},{"A":0.7138,"C":0.1408,"G":0.0721,"T":0.0733},{"A":0.0999,"C":0.0841,"G":0.0869,"T":0.7292},{"A":0.1313,"C":0.1995,"G":0.0962,"T":0.573},{"A":0.6352,"C":0.1532,"G":0.1021,"T":0.1095},{"A":0.1557,"C":0.5877,"G":0.1757,"T":0.0809},{"A":0.166,"C":0.1045,"G":0.1689,"T":0.5606},{"A":0.7859,"C":0.0694,"G":0.0684,"T":0.0763},{"A":0.0662,"C":0.0331,"G":0.8328,"T":0.0679},{"A":0.0918,"C":0.7584,"G":0.0657,"T":0.0841},{"A":0.1499,"C":0.1271,"G":0.2471,"T":0.4759},{"A":0.0834,"C":0.0886,"G":0.1104,"T":0.7176},{"A":0.6725,"C":0.121,"G":0.146,"T":0.0604},{"A":0.6604,"C":0.1131,"G":0.1316,"T":0.095},{"A":0.1073,"C":0.092,"G":0.0798,"T":0.721},{"A":0.1583,"C":0.0792,"G":0.5548,"T":0.2077},{"A":0.0771,"C":0.0931,"G":0.7412,"T":0.0886},{"A":0.0803,"C":0.0642,"G":0.0304,"T":0.825}],"steered_distributions":{"-2":[{"A":0.0729,"C":0.071,"G":0.0605,"T":0.7956},{"A":0.0893,"C":0.0719,"G":0.1603,"T":0.6786},{"A":0.734,"C":0.1038,"G":0.0878,"T":0.0744},{"A":0.1628,"C":0.1835,"G":0.5128,"T":0.1409},{"A":0.0799,"C":0.0405,"G":0.0447,"T":0.8349},{"A":0.0827,"C":0.084,"G":0.0614,"T":0.7718},{"A":0.4295,"C":0.1641,"G":0.2257,"T":0.1807},{"A":0.1363,"C":0.1125,"G":0.0133,"T":0.738},{"A":0.7868,"C":0.0803,"G":0.015,"T":0.1179},{"A":0.1511,"C":0.7023,"G":0.0129,"T":0.1337},{"A":0.1047,"C":0.7254,"G":0.0218,"T":0.1481},{"A":0.172,"C":0.1288,"G":0.5581,"T":0.1411},{"A":0.1306,"C":0.7726,"G":0.0389,"T":0.058},{"A":0.6582,"C":0.0897,"G":0.1345,"T":0.1175},{"A":0.0821,"C":0.1456,"G":0.7155,"T":0.0568},{"A":0.0543,"C":0.7701,"G":0.0762,"T":0.0993},{"A":0.1361,"C":0.1516,"G":0.6001,"T":0.1123},{"A":0.5149,"C":0.3098,"G":0.0804,"T":0.0949},{"A":0.6828,"C":0.1356,"G":0.1108,"T":0.0707},{"A":0.0575,"C":0.2315,"G":0.6056,"T":0.1054},{"A":0.1996,"C":0.1341,"G":0.1066,"T":0.5598},{"A":0.7896,"C":0.0686,"G":0.0525,"T":0.0894},{"A":0.0932,"C":0.0697,"G":0.7573,"T":0.0798},{"A":0.176,"C":0.1195,"G":0.1202,"T":0.5844},{"A":0.1526,"C":0.0939,"G":0.656,"T":0.0974},{"A":0.0661,"C":0.7633,"G":0.1146,"T":0.0559},{"A":0.1555,"C":0.1607,"G":0.2659,"T":0.4179},{"A":0.1469,"C":0.1678,"G":0.1713,"T":0.514},{"A":0.0635,"C":0.097,"G":0.656,"T":0.1835},{"A":0.6627,"C":0.1605,"G":0.0943,"T":0.0825},{"A":0.7577,"C":0.0793,"G":0.0662,"T":0.0968},{"A":0.6544,"C":0.1465,"G":0.1023,"T":0.0968},{"A":0.0631,"C":0.0535,"G":0.0465,"T":0.837},{"A":0.6864,"C":0.1218,"G":0.1041,"T":0.0877},{"A":0.1017,"C":0.0634,"G":0.0429,"T":0.792},{"A":0.1239,"C":0.1293,"G":0.6091,"T":0.1377},{"A":0.1185,"C":0.6048,"G":0.1538,"T":0.1229},{"A":0.0671,"C":0.1519,"G":0.6639,"T":0.117},{"A":0.5846,"C":0.1143,"G":0.1025,"T":0.1985},{"A":0.0916,"C":0.5842,"G":0.2204,"T":0.1038},{"A":0.1837,"C":0.6313,"G":0.1053,"T":0.0797},{"A":0.0548,"C":0.8213,"G":0.0642,"T":0.0597},{"A":0.0439,"C":0.8735,"G":0.0329,"T":0.0496},{"A":0.1691,"C":0.1195,"G":0.1213,"T":0.59},{"A":0.7481,"C":0.1013,"G":0.0637,"T":0.0869},{"A":0.757,"C":0.0649,"G":0.1019,"T":0.0762},{"A":0.1636,"C":0.1506,"G":0.5843,"T":0.1015},{"A":0.0944,"C":0.0944,"G":0.063,"T":0.7482},{"A":0.5935,"C":0.1851,"G":0.0728,"T":0.1487},{"A":0.1225,"C":0.1039,"G":0.5947,"T":0.1789},{"A":0.0438,"C":0.0805,"G":0.8169,"T":0.0588},{"A":0.7865,"C":0.0651,"G":0.0655,"T":0.083},{"A":0.1239,"C":0.053,"G":0.7326,"T":0.0906},{"A":0.1466,"C":0.471,"G":0.2424,"T":0.14},{"A":0.1853,"C":0.1263,"G":0.5963,"T":0.0922},{"A":0.1013,"C":0.1018,"G":0.0764,"T":0.7204},{"A":0.7463,"C":0.0817,"G":0.0905,"T":0.0814},{"A":0.1417,"C":0.073,"G":0.1189,"T":0.6664},{"A":0.1387,"C":0.0839,"G":0.7044,"T":0.073},{"A":0.06,"C":0.7734,"G":0.0858,"T":0.0808},{"A":0.1561,"C":0.0892,"G":0.6738,"T":0.0809},{"A":0.0772,"C":0.7784,"G":0.0993,"T":0.045},{"A":0.1069,"C":0.7113,"G":0.0822,"T":0.0996},{"A":0.097,"C":0.7539,"G":0.0771,"T":0.072},{"A":0.777,"C":0.0483,"G":0.1179,"T":0.0568},{"A":0.0459,"C":0.036,"G":0.8786,"T":0.0395},{"A":0.0855,"C":0.0701,"G":0.0821,"T":0.7623},{"A":0.7182,"C":0.0923,"G":0.1116,"T":0.0779},{"A":0.6843,"C":0.0854,"G":0.1212,"T":0.1092},{"A":0.2044,"C":0.4966,"G":0.1191,"T":0.1799},{"A":0.0989,"C":0.7646,"G":0.0754,"T":0.0611},{"A":0.7034,"C":0.1371,"G":0.0791,"T":0.0803},{"A":0.7173,"C":0.0953,"G":0.0905,"T":0.0968},{"A":0.0615,"C":0.0619,"G":0.066,"T":0.8106},{"A":0.0804,"C":0.1079,"G":0.728,"T":0.0837},{"A":0.0997,"C":0.7651,"G":0.0595,"T":0.0758},{"A":0.1161,"C":0.6164,"G":0.1081,"T":0.1594},{"A":0.0599,"C":0.0778,"G":0.0351,"T":0.8272},{"A":0.1921,"C":0.1002,"G":0.5174,"T":0.1903},{"A":0.1094,"C":0.1541,"G":0.079,"T":0.6575},{"A":0.0639,"C":0.0725,"G":0.0407,"T":0.823},{"A":0.149,"C":0.152,"G":0.562,"T":0.1369},{"A":0.7527,"C":0.0631,"G":0.098,"T":0.0862},{"A":0.1995,"C":0.1769,"G":0.4461,"T":0.1775},{"A":0.5581,"C":0.1429,"G":0.1329,"T":0.1661},{"A":0.072,"C":0.1134,"G":0.1242,"T":0.6903},{"A":0.0798,"C":0.071,"G":0.7354,"T":0.1138},{"A":0.0854,"C":0.7747,"G":0.0829,"T":0.057},{"A":0.1029,"C":0.7225,"G":0.0805,"T":0.0941},{"A":0.6989,"C":0.1021,"G":0.0771,"T":0.1219},{"A":0.1988,"C":0.0975,"G":0.5793,"T":0.1244},{"A":0.6531,"C":0.1001,"G":0.1037,"T":0.1431},{"A":0.0889,"C":0.7234,"G":0.078,"T":0.1097},{"A":0.1568,"C":0.1636,"G":0.5896,"T":0.09},{"A":0.0592,"C":0.7853,"G":0.0663,"T":0.0892},{"A":0.1468,"C":0.0745,"G":0.7271,"T":0.0517},{"A":0.0572,"C":0.0601,"G":0.0439,"T":0.8389},{"A":0.8144,"C":0.068,"G":0.0694,"T":0.0482},{"A":0.6786,"C":0.1261,"G":0.0972,"T":0.098},{"A":0.1224,"C":0.5121,"G":0.1725,"T":0.1931},{"A":0.1278,"C":0.6011,"G":0.0922,"T":0.179},{"A":0.671,"C":0.1029,"G":0.1118,"T":0.1144},{"A":0.7766,"C":0.0941,"G":0.0738,"T":0.0554},{"A":0.7303,"C":0.0763,"G":0.0954,"T":0.098},{"A":0.825,"C":0.0721,"G":0.055,"T":0.0479},{"A":0.1722,"C":0.4446,"G":0.1944,"T":0.1888},{"A":0.7973,"C":0.0961,"G":0.0507,"T":0.0559},{"A":0.1679,"C":0.1388,"G":0.1129,"T":0.5804},{"A":0.7719,"C":0.0422,"G":0.0976,"T":0.0882},{"A":0.128,"C":0.0926,"G":0.5458,"T":0.2336},{"A":0.7268,"C":0.0566,"G":0.109,"T":0.1075},{"A":0.5903,"C":0.0956,"G":0.2043,"T":0.1098},{"A":0.726,"C":0.1072,"G":0.0734,"T":0.0934},{"A":0.0938,"C":0.7337,"G":0.1025,"T":0.07},{"A":0.1357,"C":0.6541,"G":0.1417,"T":0.0684},{"A":0.8009,"C":0.0601,"G":0.0596,"T":0.0795},{"A":0.0736,"C":0.141,"G":0.0863,"T":0.6991},{"A":0.1174,"C":0.6969,"G":0.0942,"T":0.0915},{"A":0.6384,"C":0.0872,"G":0.1053,"T":0.169},{"A":0.8609,"C":0.0378,"G":0.049,"T":0.0524},{"A":0.1116,"C":0.0974,"G":0.0497,"T":0.7413},{"A":0.622,"C":0.1137,"G":0.1362,"T":0.1281},{"A":0.1081,"C":0.0951,"G":0.6991,"T":0.0978},{"A":0.5195,"C":0.1655,"G":0.119,"T":0.1961},{"A":0.0851,"C":0.7367,"G":0.0795,"T":0.0986},{"A":0.7272,"C":0.0604,"G":0.0916,"T":0.1208},{"A":0.1551,"C":0.1008,"G":0.6165,"T":0.1277},{"A":0.0883,"C":0.111,"G":0.7116,"T":0.0892},{"A":0.1069,"C":0.0653,"G":0.0694,"T":0.7584},{"A":0.0565,"C":0.7687,"G":0.0765,"T":0.0984},{"A":0.7615,"C":0.0804,"G":0.0983,"T":0.0598},{"A":0.1089,"C":0.1406,"G":0.1172,"T":0.6332},{"A":0.6698,"C":0.0989,"G":0.117,"T":0.1143},{"A":0.5866,"C":0.0935,"G":0.1418,"T":0.1781},{"A":0.0511,"C":0.102,"G":0.1176,"T":0.7293},{"A":0.1038,"C":0.5778,"G":0.1778,"T":0.1406},{"A":0.1072,"C":0.1092,"G":0.6478,"T":0.1358},{"A":0.0619,"C":0.0935,"G":0.7451,"T":0.0994},{"A":0.1147,"C":0.092,"G":0.1004,"T":0.6928},{"A":0.0897,"C":0.6576,"G":0.1445,"T":0.1082},{"A":0.1107,"C":0.5361,"G":0.1916,"T":0.1616},{"A":0.5888,"C":0.2037,"G":0.0938,"T":0.1136},{"A":0.1072,"C":0.5933,"G":0.189,"T":0.1104},{"A":0.1102,"C":0.6748,"G":0.0815,"T":0.1335},{"A":0.1009,"C":0.0739,"G":0.7832,"T":0.0421},{"A":0.107,"C":0.0789,"G":0.7311,"T":0.083},{"A":0.6233,"C":0.1298,"G":0.133,"T":0.1139},{"A":0.0757,"C":0.0866,"G":0.1389,"T":0.6988},{"A":0.1099,"C":0.5584,"G":0.1143,"T":0.2174},{"A":0.8021,"C":0.07,"G":0.0563,"T":0.0717},{"A":0.0418,"C":0.1169,"G":0.0412,"T":0.8001},{"A":0.0831,"C":0.0759,"G":0.0857,"T":0.7554},{"A":0.1032,"C":0.0658,"G":0.7534,"T":0.0775},{"A":0.0935,"C":0.0595,"G":0.781,"T":0.0659},{"A":0.0526,"C":0.0583,"G":0.0798,"T":0.8094},{"A":0.1798,"C":0.1527,"G":0.5945,"T":0.0729},{"A":0.1684,"C":0.6088,"G":0.1226,"T":0.1002},{"A":0.7696,"C":0.0388,"G":0.0738,"T":0.1178},{"A":0.1784,"C":0.1006,"G":0.2086,"T":0.5124},{"A":0.7758,"C":0.0572,"G":0.0998,"T":0.0672},{"A":0.1634,"C":0.2297,"G":0.5074,"T":0.0995},{"A":0.7102,"C":0.1097,"G":0.0627,"T":0.1174},{"A":0.0635,"C":0.0893,"G":0.7269,"T":0.1203},{"A":0.0587,"C":0.794,"G":0.0842,"T":0.063},{"A":0.0952,"C":0.7847,"G":0.0679,"T":0.0521},{"A":0.0712,"C":0.0744,"G":0.0495,"T":0.8049},{"A":0.122,"C":0.0859,"G":0.6946,"T":0.0975},{"A":0.0386,"C":0.076,"G":0.8005,"T":0.0849},{"A":0.0776,"C":0.1363,"G":0.7213,"T":0.0648},{"A":0.1059,"C":0.6816,"G":0.0732,"T":0.1392},{"A":0.0501,"C":0.0486,"G":0.83,"T":0.0713},{"A":0.1314,"C":0.0783,"G":0.0749,"T":0.7154},{"A":0.2367,"C":0.1413,"G":0.161,"T":0.461},{"A":0.7465,"C":0.0745,"G":0.0782,"T":0.1008},{"A":0.6957,"C":0.0858,"G":0.1031,"T":0.1153},{"A":0.0923,"C":0.6696,"G":0.1271,"T":0.1109},{"A":0.0481,"C":0.064,"G":0.8438,"T":0.0442},{"A":0.0869,"C":0.7356,"G":0.0705,"T":0.1071},{"A":0.0954,"C":0.5636,"G":0.1142,"T":0.2268},{"A":0.0626,"C":0.7534,"G":0.0802,"T":0.1038},{"A":0.1378,"C":0.1053,"G":0.1464,"T":0.6105},{"A":0.0701,"C":0.0799,"G":0.0972,"T":0.7528},{"A":0.0327,"C":0.0642,"G":0.0543,"T":0.8488},{"A":0.7201,"C":0.1366,"G":0.0713,"T":0.072},{"A":0.1013,"C":0.0827,"G":0.0899,"T":0.7262},{"A":0.1321,"C":0.2044,"G":0.0861,"T":0.5775},{"A":0.6614,"C":0.139,"G":0.0971,"T":0.1025},{"A":0.1563,"C":0.5921,"G":0.1668,"T":0.0848},{"A":0.1502,"C":0.098,"G":0.1679,"T":0.5838},{"A":0.7834,"C":0.0738,"G":0.0707,"T":0.0721},{"A":0.0649,"C":0.032,"G":0.8347,"T":0.0684},{"A":0.0864,"C":0.7602,"G":0.0631,"T":0.0903},{"A":0.1416,"C":0.1264,"G":0.2412,"T":0.4907},{"A":0.083,"C":0.0937,"G":0.1214,"T":0.7019},{"A":0.6735,"C":0.1247,"G":0.1436,"T":0.0581},{"A":0.6753,"C":0.1043,"G":0.1339,"T":0.0864},{"A":0.1095,"C":0.0987,"G":0.0814,"T":0.7105},{"A":0.1561,"C":0.0821,"G":0.5486,"T":0.2133},{"A":0.0703,"C":0.0924,"G":0.7493,"T":0.0881},{"A":0.0723,"C":0.0581,"G":0.0289,"T":0.8407}],"0":[{"A":0.0645,"C":0.0632,"G":0.066,"T":0.8063},{"A":0.1039,"C":0.0685,"G":0.1734,"T":0.6541},{"A":0.6948,"C":0.1157,"G":0.1089,"T":0.0806},{"A":0.15,"C":0.1672,"G":0.5326,"T":0.1503},{"A":0.0776,"C":0.0432,"G":0.0585,"T":0.8207},{"A":0.068,"C":0.0768,"G":0.1117,"T":0.7434},{"A":0.2137,"C":0.1047,"G":0.5413,"T":0.1403},{"A":0.0768,"C":0.1096,"G":0.0841,"T":0.7295},{"A":0.6084,"C":0.1033,"G":0.1306,"T":0.1577},{"A":0.0933,"C":0.6956,"G":0.0814,"T":0.1297},{"A":0.0663,"C":0.7254,"G":0.0696,"T":0.1387},{"A":0.0904,"C":0.0958,"G":0.7248,"T":0.089},{"A":0.1173,"C":0.7655,"G":0.0557,"T":0.0615},{"A":0.6851,"C":0.09,"G":0.1215,"T":0.1034},{"A":0.0777,"C":0.1318,"G":0.7364,"T":0.0541},{"A":0.0561,"C":0.773,"G":0.0717,"T":0.0992},{"A":0.1281,"C":0.1554,"G":0.6009,"T":0.1156},{"A":0.5691,"C":0.2587,"G":0.0874,"T":0.0848},{"A":0.6704,"C":0.1426,"G":0.1104,"T":0.0766},{"A":0.0577,"C":0.2389,"G":0.6042,"T":0.0992},{"A":0.2013,"C":0.1344,"G":0.1071,"T":0.5572},{"A":0.8061,"C":0.0627,"G":0.0522,"T":0.079},{"A":0.0904,"C":0.0715,"G":0.7624,"T":0.0757},{"A":0.1786,"C":0.129,"G":0.1198,"T":0.5726},{"A":0.1376,"C":0.0879,"G":0.6833,"T":0.0912},{"A":0.067,"C":0.7451,"G":0.1334,"T":0.0545},{"A":0.1565,"C":0.1627,"G":0.2568,"T":0.424},{"A":0.1528,"C":0.1643,"G":0.1732,"T":0.5098},{"A":0.0685,"C":0.1106,"G":0.6388,"T":0.1822},{"A":0.6689,"C":0.1444,"G":0.1012,"T":0.0856},{"A":0.7339,"C":0.0932,"G":0.0651,"T":0.1078},{"A":0.6628,"C":0.1471,"G":0.0964,"T":0.0937},{"A":0.0629,"C":0.0447,"G":0.0458,"T":0.8465},{"A":0.6964,"C":0.1235,"G":0.0903,"T":0.0898},{"A":0.0995,"C":0.063,"G":0.0402,"T":0.7973},{"A":0.1057,"C":0.1235,"G":0.6285,"T":0.1423},{"A":0.1373,"C":0.5651,"G":0.1686,"T":0.1289},{"A":0.0716,"C":0.1608,"G":0.6534,"T":0.1141},{"A":0.5896,"C":0.1139,"G":0.0962,"T":0.2002},{"A":0.0999,"C":0.5604,"G":0.2314,"T":0.1083},{"A":0.186,"C":0.6128,"G":0.1096,"T":0.0917},{"A":0.0584,"C":0.8132,"G":0.07,"T":0.0584},{"A":0.0484,"C":0.8676,"G":0.0338,"T":0.0503},{"A":0.1787,"C":0.1138,"G":0.1208,"T":0.5867},{"A":0.7483,"C":0.0915,"G":0.0651,"T":0.095},{"A":0.7562,"C":0.0742,"G":0.098,"T":0.0716},{"A":0.1762,"C":0.1534,"G":0.5619,"T":0.1085},{"A":0.1035,"C":0.0923,"G":0.0532,"T":0.7509},{"A":0.6096,"C":0.1841,"G":0.0764,"T":0.1299},{"A":0.1379,"C":0.1013,"G":0.5638,"T":0.197},{"A":0.0406,"C":0.076,"G":0.8284,"T":0.055},{"A":0.7789,"C":0.0717,"G":0.0645,"T":0.0849},{"A":0.1313,"C":0.0545,"G":0.7237,"T":0.0904},{"A":0.1357,"C":0.4579,"G":0.2482,"T":0.1582},{"A":0.1789,"C":0.1272,"G":0.599,"T":0.0949},{"A":0.1069,"C":0.1013,"G":0.0716,"T":0.7201},{"A":0.7412,"C":0.0869,"G":0.0833,"T":0.0886},{"A":0.1489,"C":0.0675,"G":0.1193,"T":0.6643},{"A":0.143,"C":0.0873,"G":0.6934,"T":0.0762},{"A":0.0567,"C":0.7737,"G":0.0959,"T":0.0737},{"A":0.1531,"C":0.0842,"G":0.6847,"T":0.078},{"A":0.0739,"C":0.7915,"G":0.0908,"T":0.0438},{"A":0.093,"C":0.7306,"G":0.0811,"T":0.0953},{"A":0.1,"C":0.7657,"G":0.0669,"T":0.0674},{"A":0.7688,"C":0.0533,"G":0.1169,"T":0.061},{"A":0.0469,"C":0.0403,"G":0.8749,"T":0.0379},{"A":0.0911,"C":0.076,"G":0.0985,"T":0.7344},{"A":0.7197,"C":0.0881,"G":0.1188,"T":0.0734},{"A":0.6625,"C":0.0965,"G":0.1333,"T":0.1077},{"A":0.2176,"C":0.4651,"G":0.1186,"T":0.1988},{"A":0.0874,"C":0.7782,"G":0.0725,"T":0.0619},{"A":0.6945,"C":0.1489,"G":0.0702,"T":0.0863},{"A":0.7146,"C":0.0939,"G":0.0883,"T":0.1031},{"A":0.0611,"C":0.071,"G":0.075,"T":0.793},{"A":0.0797,"C":0.1061,"G":0.7343,"T":0.08},{"A":0.0876,"C":0.7945,"G":0.0505,"T":0.0673},{"A":0.1231,"C":0.6302,"G":0.0958,"T":0.1509},{"A":0.06,"C":0.0812,"G":0.0367,"T":0.8221},{"A":0.1838,"C":0.0974,"G":0.5406,"T":0.1782},{"A":0.1102,"C":0.1612,"G":0.0827,"T":0.6459},{"A":0.0561,"C":0.0812,"G":0.0432,"T":0.8195},{"A":0.1472,"C":0.151,"G":0.5825,"T":0.1193},{"A":0.7347,"C":0.0699,"G":0.099,"T":0.0964},{"A":0.2001,"C":0.1758,"G":0.4413,"T":0.1828},{"A":0.5492,"C":0.1506,"G":0.128,"T":0.1721},{"A":0.0699,"C":0.1082,"G":0.1188,"T":0.7031},{"A":0.0858,"C":0.079,"G":0.7081,"T":0.127},{"A":0.0837,"C":0.7761,"G":0.0847,"T":0.0555},{"A":0.0889,"C":0.7403,"G":0.0784,"T":0.0924},{"A":0.6805,"C":0.1038,"G":0.0795,"T":0.1362},{"A":0.173,"C":0.0852,"G":0.5987,"T":0.1431},{"A":0.6406,"C":0.1056,"G":0.103,"T":0.1508},{"A":0.1064,"C":0.7067,"G":0.0777,"T":0.1093},{"A":0.1535,"C":0.1564,"G":0.6002,"T":0.0899},{"A":0.0642,"C":0.7677,"G":0.0679,"T":0.1002},{"A":0.1315,"C":0.0802,"G":0.7362,"T":0.0521},{"A":0.0549,"C":0.0563,"G":0.0391,"T":0.8498},{"A":0.8028,"C":0.0697,"G":0.0781,"T":0.0494},{"A":0.6723,"C":0.1258,"G":0.0957,"T":0.1061},{"A":0.1124,"C":0.5669,"G":0.1504,"T":0.1703},{"A":0.1318,"C":0.5907,"G":0.1019,"T":0.1756},{"A":0.6784,"C":0.1012,"G":0.1016,"T":0.1189},{"A":0.7691,"C":0.095,"G":0.0773,"T":0.0587},{"A":0.7494,"C":0.0747,"G":0.0893,"T":0.0867},{"A":0.8203,"C":0.0695,"G":0.0574,"T":0.0528},{"A":0.1836,"C":0.4542,"G":0.1757,"T":0.1865},{"A":0.7911,"C":0.089,"G":0.0563,"T":0.0636},{"A":0.1735,"C":0.1323,"G":0.1009,"T":0.5932},{"A":0.7507,"C":0.0498,"G":0.0991,"T":0.1004},{"A":0.1307,"C":0.0866,"G":0.5501,"T":0.2326},{"A":0.7163,"C":0.055,"G":0.1146,"T":0.1141},{"A":0.6147,"C":0.0934,"G":0.1869,"T":0.105},{"A":0.7448,"C":0.0939,"G":0.0649,"T":0.0964},{"A":0.0916,"C":0.7354,"G":0.1042,"T":0.0688},{"A":0.1432,"C":0.6593,"G":0.1336,"T":0.0639},{"A":0.8174,"C":0.0514,"G":0.0502,"T":0.0811},{"A":0.0615,"C":0.1449,"G":0.0816,"T":0.712},{"A":0.1188,"C":0.6931,"G":0.0871,"T":0.101},{"A":0.6495,"C":0.0789,"G":0.1091,"T":0.1625},{"A":0.8543,"C":0.0387,"G":0.0507,"T":0.0563},{"A":0.1183,"C":0.1035,"G":0.0489,"T":0.7294},{"A":0.6129,"C":0.1145,"G":0.1529,"T":0.1196},{"A":0.1203,"C":0.1003,"G":0.6893,"T":0.0901},{"A":0.5288,"C":0.1579,"G":0.1084,"T":0.205},{"A":0.078,"C":0.753,"G":0.0857,"T":0.0834},{"A":0.7409,"C":0.0635,"G":0.0841,"T":0.1115},{"A":0.1643,"C":0.1169,"G":0.5918,"T":0.1271},{"A":0.0912,"C":0.1052,"G":0.7056,"T":0.0979},{"A":0.1066,"C":0.0819,"G":0.0756,"T":0.7359},{"A":0.063,"C":0.7601,"G":0.084,"T":0.093},{"A":0.7521,"C":0.0763,"G":0.1059,"T":0.0658},{"A":0.1145,"C":0.1408,"G":0.1175,"T":0.6272},{"A":0.7259,"C":0.0814,"G":0.1026,"T":0.0901},{"A":0.5816,"C":0.0949,"G":0.1379,"T":0.1856},{"A":0.0538,"C":0.1135,"G":0.1101,"T":0.7225},{"A":0.1025,"C":0.5623,"G":0.1995,"T":0.1357},{"A":0.1163,"C":0.1157,"G":0.6218,"T":0.1462},{"A":0.0615,"C":0.1057,"G":0.7204,"T":0.1124},{"A":0.1191,"C":0.1003,"G":0.1035,"T":0.6771},{"A":0.0815,"C":0.6685,"G":0.152,"T":0.0979},{"A":0.1153,"C":0.5239,"G":0.1994,"T":0.1613},{"A":0.5669,"C":0.213,"G":0.1036,"T":0.1165},{"A":0.1081,"C":0.5805,"G":0.1946,"T":0.1168},{"A":0.12,"C":0.6691,"G":0.0813,"T":0.1296},{"A":0.1054,"C":0.0832,"G":0.7739,"T":0.0375},{"A":0.1114,"C":0.0646,"G":0.738,"T":0.086},{"A":0.6217,"C":0.1297,"G":0.1445,"T":0.1041},{"A":0.0745,"C":0.0802,"G":0.1251,"T":0.7202},{"A":0.1053,"C":0.5531,"G":0.1213,"T":0.2203},{"A":0.818,"C":0.0648,"G":0.052,"T":0.0653},{"A":0.0391,"C":0.1077,"G":0.0407,"T":0.8126},{"A":0.0929,"C":0.0816,"G":0.0867,"T":0.7387},{"A":0.0972,"C":0.0575,"G":0.7728,"T":0.0725},{"A":0.0972,"C":0.0681,"G":0.7709,"T":0.0638},{"A":0.0644,"C":0.0679,"G":0.1043,"T":0.7634},{"A":0.195,"C":0.1538,"G":0.5742,"T":0.077},{"A":0.1482,"C":0.6036,"G":0.1487,"T":0.0995},{"A":0.7864,"C":0.0381,"G":0.071,"T":0.1046},{"A":0.1741,"C":0.1028,"G":0.2207,"T":0.5023},{"A":0.7885,"C":0.0522,"G":0.0975,"T":0.0618},{"A":0.1853,"C":0.238,"G":0.4758,"T":0.1009},{"A":0.7237,"C":0.1068,"G":0.0634,"T":0.1061},{"A":0.0568,"C":0.0829,"G":0.7347,"T":0.1256},{"A":0.0539,"C":0.8018,"G":0.0872,"T":0.0571},{"A":0.0888,"C":0.7969,"G":0.0655,"T":0.0488},{"A":0.0801,"C":0.0838,"G":0.0536,"T":0.7826},{"A":0.1365,"C":0.0854,"G":0.6748,"T":0.1033},{"A":0.0385,"C":0.0709,"G":0.8205,"T":0.0702},{"A":0.08,"C":0.1504,"G":0.7112,"T":0.0584},{"A":0.1156,"C":0.679,"G":0.0758,"T":0.1295},{"A":0.054,"C":0.0486,"G":0.8397,"T":0.0578},{"A":0.1378,"C":0.0736,"G":0.0758,"T":0.7128},{"A":0.2387,"C":0.1539,"G":0.1503,"T":0.4571},{"A":0.7516,"C":0.0706,"G":0.0748,"T":0.103},{"A":0.678,"C":0.0853,"G":0.1141,"T":0.1226},{"A":0.0898,"C":0.668,"G":0.1319,"T":0.1103},{"A":0.0487,"C":0.0576,"G":0.8452,"T":0.0486},{"A":0.0922,"C":0.7142,"G":0.0859,"T":0.1077},{"A":0.0971,"C":0.5473,"G":0.1317,"T":0.2239},{"A":0.0552,"C":0.7662,"G":0.0749,"T":0.1037},{"A":0.1444,"C":0.1089,"G":0.1495,"T":0.5971},{"A":0.0679,"C":0.0895,"G":0.1119,"T":0.7307},{"A":0.031,"C":0.0586,"G":0.049,"T":0.8614},{"A":0.7001,"C":0.1505,"G":0.0753,"T":0.0742},{"A":0.0997,"C":0.0858,"G":0.0866,"T":0.7278},{"A":0.129,"C":0.1993,"G":0.0997,"T":0.572},{"A":0.6552,"C":0.1404,"G":0.0984,"T":0.1061},{"A":0.1504,"C":0.5968,"G":0.1657,"T":0.0872},{"A":0.1777,"C":0.0941,"G":0.1782,"T":0.55},{"A":0.7922,"C":0.0625,"G":0.0691,"T":0.0762},{"A":0.0578,"C":0.0305,"G":0.8488,"T":0.0629},{"A":0.0926,"C":0.753,"G":0.0732,"T":0.0811},{"A":0.1369,"C":0.1241,"G":0.2217,"T":0.5173},{"A":0.0801,"C":0.0845,"G":0.1107,"T":0.7247},{"A":0.6915,"C":0.1209,"G":0.1259,"T":0.0617},{"A":0.6558,"C":0.1164,"G":0.1257,"T":0.1021},{"A":0.103,"C":0.0838,"G":0.0773,"T":0.7359},{"A":0.1631,"C":0.0804,"G":0.5618,"T":0.1946},{"A":0.081,"C":0.0985,"G":0.728,"T":0.0925},{"A":0.0691,"C":0.0609,"G":0.03,"T":0.8399}],"2":[{"A":0.0632,"C":0.0616,"G":0.0704,"T":0.8048},{"A":0.0922,"C":0.0732,"G":0.1658,"T":0.6688},{"A":0.7174,"C":0.1134,"G":0.0948,"T":0.0743},{"A":0.1504,"C":0.1727,"G":0.5435,"T":0.1334},{"A":0.0651,"C":0.0397,"G":0.0765,"T":0.8187},{"A":0.0465,"C":0.0641,"G":0.1942,"T":0.6952},{"A":0.0689,"C":0.0592,"G":0.8153,"T":0.0566},{"A":0.0307,"C":0.0855,"G":0.3711,"T":0.5127},{"A":0.1515,"C":0.0624,"G":0.677,"T":0.1091},{"A":0.0355,"C":0.5224,"G":0.3539,"T":0.0882},{"A":0.0365,"C":0.6228,"G":0.2076,"T":0.133},{"A":0.0544,"C":0.0647,"G":0.8202,"T":0.0608},{"A":0.0968,"C":0.7668,"G":0.0694,"T":0.067},{"A":0.6478,"C":0.094,"G":0.1427,"T":0.1155},{"A":0.0791,"C":0.1428,"G":0.7198,"T":0.0583},{"A":0.0561,"C":0.7823,"G":0.0698,"T":0.0918},{"A":0.1184,"C":0.1469,"G":0.626,"T":0.1087},{"A":0.5361,"C":0.2752,"G":0.0918,"T":0.0969},{"A":0.6658,"C":0.142,"G":0.1088,"T":0.0834},{"A":0.0557,"C":0.2342,"G":0.612,"T":0.0981},{"A":0.2,"C":0.1427,"G":0.1211,"T":0.5362},{"A":0.7927,"C":0.0669,"G":0.0563,"T":0.0841},{"A":0.108,"C":0.067,"G":0.747,"T":0.0781},{"A":0.1563,"C":0.1338,"G":0.0983,"T":0.6116},{"A":0.1348,"C":0.09,"G":0.6665,"T":0.1087},{"A":0.0696,"C":0.7565,"G":0.1181,"T":0.0558},{"A":0.1424,"C":0.1718,"G":0.2303,"T":0.4555},{"A":0.1545,"C":0.1607,"G":0.1674,"T":0.5174},{"A":0.0706,"C":0.1131,"G":0.632,"T":0.1844},{"A":0.7027,"C":0.1303,"G":0.0902,"T":0.0768},{"A":0.7237,"C":0.0985,"G":0.0653,"T":0.1125},{"A":0.6457,"C":0.1571,"G":0.0951,"T":0.1021},{"A":0.0636,"C":0.0537,"G":0.0447,"T":0.838},{"A":0.7062,"C":0.1152,"G":0.0906,"T":0.0879},{"A":0.104,"C":0.0559,"G":0.0437,"T":0.7964},{"A":0.1232,"C":0.1257,"G":0.612,"T":0.1392},{"A":0.1286,"C":0.578,"G":0.1604,"T":0.1329},{"A":0.0715,"C":0.1529,"G":0.6664,"T":0.1092},{"A":0.5569,"C":0.1222,"G":0.1066,"T":0.2143},{"A":0.1037,"C":0.5624,"G":0.2328,"T":0.1011},{"A":0.1994,"C":0.5991,"G":0.1127,"T":0.0888},{"A":0.0532,"C":0.8232,"G":0.0713,"T":0.0523},{"A":0.0435,"C":0.8776,"G":0.0343,"T":0.0446},{"A":0.1737,"C":0.1239,"G":0.1226,"T":0.5798},{"A":0.7364,"C":0.1085,"G":0.0615,"T":0.0936},{"A":0.7555,"C":0.0733,"G":0.0921,"T":0.0792},{"A":0.1779,"C":0.1728,"G":0.5402,"T":0.109},{"A":0.1052,"C":0.106,"G":0.0635,"T":0.7254},{"A":0.5832,"C":0.1931,"G":0.0785,"T":0.1452},{"A":0.1474,"C":0.1105,"G":0.5686,"T":0.1735},{"A":0.0378,"C":0.0774,"G":0.8305,"T":0.0544},{"A":0.7941,"C":0.0614,"G":0.0695,"T":0.075},{"A":0.1241,"C":0.0519,"G":0.7251,"T":0.0988},{"A":0.1265,"C":0.5125,"G":0.2229,"T":0.1381},{"A":0.1783,"C":0.1362,"G":0.5896,"T":0.0958},{"A":0.1012,"C":0.0958,"G":0.0742,"T":0.7289},{"A":0.7226,"C":0.0905,"G":0.0975,"T":0.0894},{"A":0.1449,"C":0.0638,"G":0.1206,"T":0.6707},{"A":0.1692,"C":0.0945,"G":0.668,"T":0.0683},{"A":0.0546,"C":0.7863,"G":0.0864,"T":0.0728},{"A":0.1462,"C":0.0882,"G":0.697,"T":0.0687},{"A":0.0797,"C":0.7795,"G":0.0963,"T":0.0445},{"A":0.1021,"C":0.7059,"G":0.0912,"T":0.1008},{"A":0.0959,"C":0.7563,"G":0.0758,"T":0.0719},{"A":0.767,"C":0.0532,"G":0.1254,"T":0.0544},{"A":0.0429,"C":0.0359,"G":0.8846,"T":0.0366},{"A":0.0867,"C":0.0699,"G":0.0955,"T":0.7479},{"A":0.7149,"C":0.0881,"G":0.1197,"T":0.0773},{"A":0.6869,"C":0.0757,"G":0.1262,"T":0.1112},{"A":0.2086,"C":0.4756,"G":0.1107,"T":0.2051},{"A":0.0888,"C":0.778,"G":0.0712,"T":0.062},{"A":0.688,"C":0.1606,"G":0.0654,"T":0.086},{"A":0.7054,"C":0.0895,"G":0.102,"T":0.1031},{"A":0.0525,"C":0.064,"G":0.0687,"T":0.8147},{"A":0.0791,"C":0.1057,"G":0.7398,"T":0.0754},{"A":0.085,"C":0.7864,"G":0.0555,"T":0.0732},{"A":0.1061,"C":0.6456,"G":0.1038,"T":0.1445},{"A":0.0626,"C":0.0758,"G":0.0356,"T":0.826},{"A":0.1748,"C":0.1081,"G":0.5229,"T":0.1942},{"A":0.0955,"C":0.1533,"G":0.0809,"T":0.6703},{"A":0.0597,"C":0.0778,"G":0.0416,"T":0.821},{"A":0.151,"C":0.1548,"G":0.5615,"T":0.1327},{"A":0.7204,"C":0.077,"G":0.1037,"T":0.0989},{"A":0.2049,"C":0.1697,"G":0.4488,"T":0.1766},{"A":0.5724,"C":0.1393,"G":0.1236,"T":0.1647},{"A":0.07,"C":0.1009,"G":0.1092,"T":0.7199},{"A":0.0764,"C":0.0734,"G":0.7409,"T":0.1093},{"A":0.0787,"C":0.7887,"G":0.0799,"T":0.0527},{"A":0.1055,"C":0.7169,"G":0.0781,"T":0.0994},{"A":0.7095,"C":0.0943,"G":0.0746,"T":0.1216},{"A":0.1937,"C":0.0986,"G":0.5769,"T":0.1308},{"A":0.6591,"C":0.0999,"G":0.0983,"T":0.1427},{"A":0.1097,"C":0.706,"G":0.0787,"T":0.1056},{"A":0.1658,"C":0.1653,"G":0.5702,"T":0.0987},{"A":0.0647,"C":0.7664,"G":0.0745,"T":0.0944},{"A":0.1291,"C":0.0816,"G":0.7366,"T":0.0527},{"A":0.0527,"C":0.0554,"G":0.0413,"T":0.8505},{"A":0.8087,"C":0.0656,"G":0.0745,"T":0.0513},{"A":0.6667,"C":0.1285,"G":0.0942,"T":0.1106},{"A":0.1181,"C":0.548,"G":0.1556,"T":0.1783},{"A":0.1255,"C":0.5993,"G":0.105,"T":0.1702},{"A":0.6919,"C":0.0957,"G":0.107,"T":0.1054},{"A":0.7627,"C":0.0965,"G":0.082,"T":0.0589},{"A":0.7459,"C":0.0697,"G":0.0915,"T":0.0929},{"A":0.833,"C":0.0701,"G":0.0506,"T":0.0463},{"A":0.1795,"C":0.4441,"G":0.1742,"T":0.2021},{"A":0.7821,"C":0.0969,"G":0.0578,"T":0.0632},{"A":0.1796,"C":0.1377,"G":0.107,"T":0.5757},{"A":0.769,"C":0.0483,"G":0.0917,"T":0.0911},{"A":0.1271,"C":0.0878,"G":0.5557,"T":0.2294},{"A":0.7262,"C":0.0519,"G":0.1092,"T":0.1127},{"A":0.6226,"C":0.0926,"G":0.1842,"T":0.1006},{"A":0.7364,"C":0.1022,"G":0.0716,"T":0.0898},{"A":0.0788,"C":0.7337,"G":0.1216,"T":0.0659},{"A":0.1374,"C":0.6601,"G":0.1343,"T":0.0682},{"A":0.8086,"C":0.0511,"G":0.059,"T":0.0813},{"A":0.0706,"C":0.1307,"G":0.0776,"T":0.7211},{"A":0.1087,"C":0.7243,"G":0.084,"T":0.0829},{"A":0.6763,"C":0.0766,"G":0.0952,"T":0.1519},{"A":0.8573,"C":0.0376,"G":0.0496,"T":0.0556},{"A":0.121,"C":0.1005,"G":0.0456,"T":0.7329},{"A":0.6272,"C":0.1028,"G":0.1519,"T":0.1181},{"A":0.1144,"C":0.0969,"G":0.6865,"T":0.1021},{"A":0.5368,"C":0.1553,"G":0.1086,"T":0.1993},{"A":0.0794,"C":0.7374,"G":0.0884,"T":0.0948},{"A":0.7387,"C":0.0689,"G":0.0811,"T":0.1113},{"A":0.1589,"C":0.1171,"G":0.5814,"T":0.1426},{"A":0.0897,"C":0.1087,"G":0.7091,"T":0.0925},{"A":0.1199,"C":0.0767,"G":0.0751,"T":0.7282},{"A":0.06,"C":0.7785,"G":0.0746,"T":0.0869},{"A":0.7631,"C":0.0812,"G":0.0967,"T":0.059},{"A":0.1119,"C":0.135,"G":0.1173,"T":0.6358},{"A":0.7058,"C":0.0875,"G":0.1071,"T":0.0996},{"A":0.5945,"C":0.0906,"G":0.1365,"T":0.1784},{"A":0.048,"C":0.1175,"G":0.1184,"T":0.7161},{"A":0.0927,"C":0.5862,"G":0.1829,"T":0.1382},{"A":0.1247,"C":0.1193,"G":0.6149,"T":0.1412},{"A":0.0555,"C":0.0926,"G":0.751,"T":0.1009},{"A":0.1117,"C":0.0998,"G":0.1024,"T":0.6861},{"A":0.0748,"C":0.6757,"G":0.1558,"T":0.0937},{"A":0.1249,"C":0.5447,"G":0.1811,"T":0.1494},{"A":0.5689,"C":0.2143,"G":0.1012,"T":0.1156},{"A":0.1189,"C":0.5957,"G":0.1701,"T":0.1153},{"A":0.1255,"C":0.6699,"G":0.0829,"T":0.1217},{"A":0.1141,"C":0.091,"G":0.756,"T":0.0389},{"A":0.1056,"C":0.0707,"G":0.7477,"T":0.0761},{"A":0.6171,"C":0.1222,"G":0.1573,"T":0.1035},{"A":0.0751,"C":0.0754,"G":0.1147,"T":0.7349},{"A":0.1193,"C":0.541,"G":0.1234,"T":0.2163},{"A":0.8109,"C":0.06,"G":0.0578,"T":0.0713},{"A":0.0358,"C":0.1038,"G":0.0373,"T":0.8231},{"A":0.092,"C":0.0763,"G":0.0945,"T":0.7372},{"A":0.0944,"C":0.0594,"G":0.7668,"T":0.0794},{"A":0.0897,"C":0.0626,"G":0.7884,"T":0.0592},{"A":0.0576,"C":0.0541,"G":0.0824,"T":0.8059},{"A":0.193,"C":0.1372,"G":0.5967,"T":0.0731},{"A":0.1674,"C":0.6021,"G":0.1328,"T":0.0978},{"A":0.7732,"C":0.039,"G":0.0819,"T":0.106},{"A":0.1688,"C":0.1154,"G":0.2132,"T":0.5026},{"A":0.8018,"C":0.0529,"G":0.0926,"T":0.0527},{"A":0.1684,"C":0.2137,"G":0.5086,"T":0.1092},{"A":0.7472,"C":0.0994,"G":0.0583,"T":0.095},{"A":0.0532,"C":0.088,"G":0.7437,"T":0.1151},{"A":0.055,"C":0.796,"G":0.0846,"T":0.0644},{"A":0.1063,"C":0.7672,"G":0.0739,"T":0.0526},{"A":0.0722,"C":0.0749,"G":0.0537,"T":0.7992},{"A":0.1196,"C":0.077,"G":0.7076,"T":0.0959},{"A":0.0399,"C":0.0756,"G":0.8085,"T":0.076},{"A":0.0755,"C":0.149,"G":0.7107,"T":0.0648},{"A":0.1077,"C":0.684,"G":0.0702,"T":0.1381},{"A":0.0521,"C":0.0455,"G":0.8411,"T":0.0613},{"A":0.1505,"C":0.0843,"G":0.0685,"T":0.6968},{"A":0.2152,"C":0.1456,"G":0.1386,"T":0.5006},{"A":0.7388,"C":0.0744,"G":0.0819,"T":0.1049},{"A":0.6791,"C":0.0877,"G":0.1128,"T":0.1204},{"A":0.0924,"C":0.6826,"G":0.1218,"T":0.1032},{"A":0.052,"C":0.0703,"G":0.8263,"T":0.0514},{"A":0.1095,"C":0.6748,"G":0.0924,"T":0.1232},{"A":0.094,"C":0.5677,"G":0.1209,"T":0.2174},{"A":0.0626,"C":0.7401,"G":0.0742,"T":0.1231},{"A":0.1447,"C":0.1045,"G":0.1598,"T":0.5909},{"A":0.0685,"C":0.0761,"G":0.0899,"T":0.7655},{"A":0.032,"C":0.0635,"G":0.0566,"T":0.8479},{"A":0.6799,"C":0.1498,"G":0.0825,"T":0.0879},{"A":0.0966,"C":0.0817,"G":0.0905,"T":0.7311},{"A":0.135,"C":0.183,"G":0.0954,"T":0.5866},{"A":0.6143,"C":0.1569,"G":0.116,"T":0.1128},{"A":0.1552,"C":0.5726,"G":0.188,"T":0.0842},{"A":0.1587,"C":0.1055,"G":0.1711,"T":0.5647},{"A":0.7947,"C":0.0649,"G":0.0658,"T":0.0746},{"A":0.0681,"C":0.0359,"G":0.8286,"T":0.0674},{"A":0.0982,"C":0.7588,"G":0.0608,"T":0.0822},{"A":0.1484,"C":0.1265,"G":0.2435,"T":0.4817},{"A":0.0871,"C":0.0878,"G":0.1114,"T":0.7137},{"A":0.671,"C":0.124,"G":0.1474,"T":0.0575},{"A":0.6483,"C":0.1231,"G":0.1288,"T":0.0998},{"A":0.1147,"C":0.0988,"G":0.0841,"T":0.7024},{"A":0.1698,"C":0.0821,"G":0.5517,"T":0.1964},{"A":0.0837,"C":0.0914,"G":0.7223,"T":0.1026},{"A":0.0759,"C":0.0631,"G":0.0306,"T":0.8305}],"5":[{"A":0.0644,"C":0.065,"G":0.0752,"T":0.7953},{"A":0.0899,"C":0.0669,"G":0.1623,"T":0.681},{"A":0.7029,"C":0.1135,"G":0.1072,"T":0.0764},{"A":0.121,"C":0.1677,"G":0.5974,"T":0.1139},{"A":0.0521,"C":0.0347,"G":0.1083,"T":0.8048},{"A":0.0232,"C":0.0575,"G":0.3306,"T":0.5887},{"A":0.0063,"C":0.0104,"G":0.9739,"T":0.0093},{"A":0.0014,"C":0.0082,"G":0.9336,"T":0.0567},{"A":0.0053,"C":0.0044,"G":0.9817,"T":0.0086},{"A":0.002,"C":0.0563,"G":0.9307,"T":0.011},{"A":0.0095,"C":0.351,"G":0.5916,"T":0.0479},{"A":0.0132,"C":0.0303,"G":0.9306,"T":0.0259},{"A":0.0881,"C":0.7465,"G":0.0965,"T":0.0688},{"A":0.6164,"C":0.0822,"G":0.1914,"T":0.11},{"A":0.0791,"C":0.1283,"G":0.738,"T":0.0547},{"A":0.0516,"C":0.7837,"G":0.0675,"T":0.0972},{"A":0.1194,"C":0.1295,"G":0.6284,"T":0.1228},{"A":0.5495,"C":0.2604,"G":0.0883,"T":0.1018},{"A":0.673,"C":0.1363,"G":0.1127,"T":0.078},{"A":0.0589,"C":0.2334,"G":0.607,"T":0.1007},{"A":0.2076,"C":0.1426,"G":0.108,"T":0.5417},{"A":0.8015,"C":0.0614,"G":0.0525,"T":0.0846},{"A":0.0925,"C":0.0648,"G":0.7593,"T":0.0833},{"A":0.1707,"C":0.1211,"G":0.1161,"T":0.592},{"A":0.1444,"C":0.094,"G":0.6674,"T":0.0942},{"A":0.0738,"C":0.7531,"G":0.1176,"T":0.0555},{"A":0.1395,"C":0.1628,"G":0.2569,"T":0.4409},{"A":0.1587,"C":0.1773,"G":0.1874,"T":0.4766},{"A":0.0628,"C":0.1159,"G":0.6284,"T":0.193},{"A":0.6751,"C":0.1554,"G":0.0914,"T":0.0781},{"A":0.7246,"C":0.0946,"G":0.0703,"T":0.1105},{"A":0.6751,"C":0.1351,"G":0.0975,"T":0.0922},{"A":0.0698,"C":0.0524,"G":0.0484,"T":0.8294},{"A":0.6807,"C":0.1255,"G":0.1072,"T":0.0866},{"A":0.0987,"C":0.0633,"G":0.0429,"T":0.7951},{"A":0.1323,"C":0.1426,"G":0.5993,"T":0.1258},{"A":0.1274,"C":0.5711,"G":0.1496,"T":0.1518},{"A":0.0675,"C":0.1545,"G":0.6683,"T":0.1097},{"A":0.5931,"C":0.1155,"G":0.0998,"T":0.1916},{"A":0.1017,"C":0.5711,"G":0.2097,"T":0.1175},{"A":0.1761,"C":0.6559,"G":0.0968,"T":0.0712},{"A":0.0531,"C":0.8285,"G":0.0668,"T":0.0516},{"A":0.0413,"C":0.8764,"G":0.0319,"T":0.0504},{"A":0.1762,"C":0.1197,